UID	gene_id	DNA_1	RNA_1	DNA_2	RNA_2	DNA_3	RNA_3
HGLibA_00187	ABCC9	100036	90609	70049	70065	58952	60818
HGLibA_00188	ABCC9	52551	39494	98691	100187	85320	78411
HGLibB_00187	ABCC9	24817	19669	54255	57336	20962	23482
HGLibA_01231	AGPAT6	39676	29633	64700	71982	87753	78863
HGLibA_01232	AGPAT6	94083	81782	101069	91619	96696	101130
HGLibB_01230	AGPAT6	119482	96745	68825	62801	66302	63141
HGLibA_01654	ALKBH4	113576	96810	90649	106656	115745	124772
HGLibA_01655	ALKBH4	192977	164588	62911	65668	73710	80237
HGLibB_01652	ALKBH4	29842	27088	49879	58637	50121	55440
HGLibA_01862	ANAPC1	5227	2912	42552	39464	15184	15280
HGLibB_01859	ANAPC1	13947	12157	42315	48279	23522	25828
HGLibB_01860	ANAPC1	75075	51407	111362	120254	75922	78107
HGLibA_01955	ANKFN1	152561	135144	237217	240536	198105	212187
HGLibB_01952	ANKFN1	56239	48013	78290	84579	66158	69296
HGLibB_01954	ANKFN1	33586	26644	76131	81688	38987	35377
HGLibA_02179	ANO4	5997	6308	42590	49645	23150	24708
HGLibA_02180	ANO4	54616	49365	97331	101373	66935	68749
HGLibA_02181	ANO4	19071	15522	37112	34517	16877	16583
HGLibA_02316	AP2S1	62654	50486	74562	84986	110534	114115
HGLibA_02317	AP2S1	18202	21830	31030	36246	19518	28790
HGLibB_02315	AP2S1	19827	22948	53544	74936	36518	43359
HGLibA_02466	APOBEC1	90533	76849	93788	97317	132962	127125
HGLibB_02464	APOBEC1	94074	80585	57954	62141	69067	66920
HGLibB_02465	APOBEC1	67973	44967	104242	93175	82143	68956
HGLibA_02845	ARHGEF3	152741	134433	57065	69732	43681	45722
HGLibA_02846	ARHGEF3	29713	26197	46652	53956	42856	32836
HGLibA_02847	ARHGEF3	48101	40556	76044	88228	24376	30439
HGLibA_03262	ASCC3	51203	41822	75039	83249	76385	81161
HGLibA_03264	ASCC3	36374	25485	84492	83023	50283	48098
HGLibB_03260	ASCC3	20092	16543	61162	62407	20372	17502
HGLibA_03331	ASNA1	19682	17752	17529	19699	12043	10099
HGLibA_03332	ASNA1	80614	35727	62607	39635	107269	54843
HGLibA_03333	ASNA1	89760	49064	70861	53761	72178	47631
HGLibA_03694	ATP6AP1	5434	2860	16207	8672	16820	11196
HGLibA_03695	ATP6AP1	37626	11466	24023	11541	25974	11722
HGLibB_03693	ATP6AP1	56294	22335	26927	9753	48352	23128
HGLibA_03783	ATP8B2	46903	40325	44259	54320	48617	52485
HGLibA_03784	ATP8B2	73341	71053	82269	107490	46278	44508
HGLibB_03781	ATP8B2	25104	24920	61723	67378	46726	53809
HGLibA_04065	BACH1	246883	209925	146211	153917	162309	152776
HGLibA_04066	BACH1	122444	108015	89271	87757	85510	81239
HGLibB_04064	BACH1	28611	28773	46114	58054	42388	50184
HGLibA_04287	BCL10	60148	52962	102630	109898	60181	62637
HGLibA_04288	BCL10	11019	10310	89546	94353	56662	52108
HGLibB_04284	BCL10	10442	8433	45774	43215	17407	18304
HGLibA_04784	BRD8	111986	97896	81756	88134	103327	111373
HGLibA_04785	BRD8	13421	9830	59452	56101	16960	18278
HGLibB_04783	BRD8	112808	85037	65557	69593	61123	58895
HGLibA_04797	BRF1	9363	8809	13220	15835	13678	12263
HGLibB_04794	BRF1	34773	22893	33035	26494	30949	28955
HGLibB_04796	BRF1	34184	34057	31952	47686	30420	33454
HGLibA_04952	BTK	197486	160618	97436	103406	87369	84126
HGLibA_04954	BTK	97369	82835	37480	39967	24137	29061
HGLibB_04949	BTK	48395	46553	55476	66410	44080	47234
HGLibA_05189	C11orf82	9800	7058	29885	31903	12751	11402
HGLibB_05186	C11orf82	117919	97568	133663	139879	131009	131602
HGLibB_05187	C11orf82	57052	52491	84158	86764	100582	105058
HGLibA_05540	C17orf50	180343	167655	74043	79356	59300	65802
HGLibB_05536	C17orf50	50987	37008	58714	53300	25164	22417
HGLibB_05537	C17orf50	172088	133760	91474	98944	117287	118298
HGLibA_05827	C1orf210	133079	110461	109225	114592	140608	129844
HGLibA_05829	C1orf210	24825	24715	49366	54150	74403	68225
HGLibB_05823	C1orf210	550828	386546	255380	230323	274067	233653
HGLibA_06959	CACYBP	18646	18344	70609	72583	25827	26607
HGLibB_06954	CACYBP	22580	20223	92819	79748	42597	36370
HGLibB_06955	CACYBP	54437	50227	44187	56250	38301	41164
HGLibA_07165	CAPN3	34833	31262	70701	74421	45174	46255
HGLibA_07167	CAPN3	74920	61106	101142	112764	104465	104065
HGLibB_07160	CAPN3	18450	12545	76810	85224	47333	48168
HGLibA_07346	CAST	113297	97654	101372	107044	90201	91479
HGLibB_07339	CAST	56427	49738	68527	70477	82824	89015
HGLibB_07340	CAST	1389	967	40378	36314	10598	8001
HGLibA_07723	CCDC181	33032	27865	55618	54826	39834	38065
HGLibA_07724	CCDC181	29792	26975	54474	50928	23725	23414
HGLibB_07718	CCDC181	63112	45739	35297	36986	8122	8176
HGLibA_08216	CCT8	15950	10356	17155	16424	9215	7763
HGLibB_08208	CCT8	21484	16068	34238	28783	20792	16205
HGLibB_08210	CCT8	8320	7720	51040	54578	21720	21527
HGLibA_08231	CD109	21935	16568	66292	78312	50770	52871
HGLibB_08223	CD109	40200	33931	45016	45889	47666	38140
HGLibB_08224	CD109	27622	21562	59545	59281	19822	19859
HGLibA_08476	CD9	65159	59446	161822	177692	141352	126552
HGLibA_08477	CD9	5926	6802	27985	37914	14210	18108
HGLibA_08478	CD9	19610	17416	34723	37261	39281	46918
HGLibA_08975	CECR1	213765	174712	117997	140109	126034	115900
HGLibB_08966	CECR1	123899	109499	97377	94185	73854	75675
HGLibB_08968	CECR1	2950	3651	43858	40864	25142	20816
HGLibA_09623	CHST13	155021	77845	100189	64735	123761	100826
HGLibB_09612	CHST13	369733	236742	193438	144892	172306	140779
HGLibB_09613	CHST13	185717	159969	119184	128494	101914	104138
HGLibA_09795	CLASP2	320037	294517	213112	254473	184137	192736
HGLibA_09796	CLASP2	115946	94305	164102	177275	103712	106183
HGLibB_09786	CLASP2	64425	45869	92810	95621	66419	66384
HGLibA_10478	COG4	33386	15795	32358	20487	28177	16889
HGLibB_10467	COG4	41078	24369	62305	45733	33973	22770
HGLibB_10468	COG4	72761	61817	102836	109806	54172	50248
HGLibA_10496	COL10A1	44255	36528	65068	73904	85735	96230
HGLibB_10485	COL10A1	49374	39885	43861	45317	28327	27064
HGLibB_10487	COL10A1	194840	158142	160727	166085	139721	125222
HGLibA_10664	COMMD4	169384	151039	109825	124125	137232	141581
HGLibA_10665	COMMD4	248071	251408	151432	161391	135364	145366
HGLibB_10654	COMMD4	76760	68512	68215	92707	55007	68860
HGLibA_11401	CSNK2A1	52811	43742	86523	92730	52634	51788
HGLibA_11402	CSNK2A1	38507	32217	70003	70090	46847	47510
HGLibA_11403	CSNK2A1	27051	20581	30517	35746	19302	18421
HGLibB_11560	CTAGE4	18084	11416	62181	69724	43707	42533
HGLibB_11561	CTAGE4	17417	19070	36313	46400	15895	17933
HGLibB_11562	CTAGE4	57288	60077	25852	31707	17209	21790
HGLibA_12150	CYP39A1	23053	21654	111656	112770	61543	61726
HGLibA_12151	CYP39A1	27776	23615	36764	38545	29898	34038
HGLibB_12137	CYP39A1	86461	56893	72200	68891	71233	58917
HGLibA_12186	CYP4F2	304517	250717	108972	116303	116174	113248
HGLibA_12188	CYP4F2	104207	82926	71841	73142	82455	86307
HGLibB_12174	CYP4F2	150994	56311	130529	62207	140067	64492
HGLibA_12483	DCDC2	5883	5649	80806	76931	22402	23592
HGLibA_12485	DCDC2	162263	139949	83598	84903	81043	74418
HGLibB_12469	DCDC2	30439	26692	65896	78796	54916	57657
HGLibA_13103	DHFR	40752	35968	36225	38353	19635	19877
HGLibA_13104	DHFR	70039	62284	46311	52724	50026	47282
HGLibB_13084	DHFR	18635	12603	51103	48287	33837	32350
HGLibA_13261	DIRAS3	70620	70122	68708	81837	79307	93449
HGLibB_13243	DIRAS3	92408	58837	101781	79985	82766	66404
HGLibB_13245	DIRAS3	76653	64222	92294	103455	41506	41574
HGLibA_13730	DOCK1	186007	158411	135702	143491	159522	179377
HGLibA_13732	DOCK1	23743	17808	65489	57619	34486	30180
HGLibB_13711	DOCK1	287	373	70129	71081	7986	8179
HGLibA_13916	DPY30	56995	60767	63743	88201	66874	80727
HGLibA_13918	DPY30	66572	88067	46238	70573	56265	87946
HGLibB_13894	DPY30	48463	100679	48256	122796	13510	34095
HGLibA_14773	EIF3D	29015	25740	24984	24921	26697	19415
HGLibA_14774	EIF3D	759	822	3561	1751	1907	1130
HGLibB_14752	EIF3D	63985	46871	74432	70290	50161	46533
HGLibA_15503	ERMARD	81796	63902	78095	81903	42393	38573
HGLibA_15504	ERMARD	92419	89671	79443	93398	43190	41143
HGLibB_15482	ERMARD	4407	4518	25353	26274	17949	17690
HGLibB_15761	EXOSC5	118613	111255	123932	134164	143392	159416
HGLibB_15762	EXOSC5	28846	30732	28541	41096	38426	50228
HGLibB_15763	EXOSC5	26165	26374	27167	38338	26762	32067
HGLibA_15789	EXOSC7	57210	62464	50038	72585	19271	26933
HGLibA_15790	EXOSC7	91450	95836	41070	48454	32339	40210
HGLibB_15767	EXOSC7	12774	14073	4767	7245	9336	10864
HGLibA_15957	FAHD2A	35328	29974	93665	104885	54503	53816
HGLibB_15935	FAHD2A	66042	62178	60347	76438	52420	52524
HGLibB_15936	FAHD2A	76331	67967	101314	107502	89400	93162
HGLibA_16359	FAM192A	149161	102183	67647	66391	83861	77141
HGLibA_16360	FAM192A	218967	200933	66673	75737	100936	110301
HGLibB_16338	FAM192A	12503	9232	58941	57991	49146	43945
HGLibA_16660	FAM63A	61979	61912	33576	42592	37943	50290
HGLibB_16636	FAM63A	146433	125838	129826	136155	142674	145590
HGLibB_16637	FAM63A	11867	11022	45100	62732	25364	30932
HGLibA_16961	FBN3	35066	27841	56610	53896	57119	50235
HGLibB_16937	FBN3	140575	117788	79926	84961	124846	116448
HGLibB_16939	FBN3	233383	206956	128430	155365	182324	180671
HGLibA_17351	FGD4	42461	28462	56693	58683	21166	19365
HGLibA_17352	FGD4	20948	14289	100689	102743	56360	55087
HGLibB_17328	FGD4	21492	17955	57903	55491	46063	40277
HGLibA_17416	FGF7	51234	48404	83666	91330	72378	77606
HGLibB_17393	FGF7	3222	3192	56056	64804	32846	30215
HGLibB_17395	FGF7	39310	33670	117085	129650	59224	56778
HGLibA_18082	FSD2	37286	25559	67327	80523	50809	49418
HGLibB_18059	FSD2	18219	16032	54618	54585	27016	26949
HGLibB_18060	FSD2	51313	38336	87532	77835	33047	31848
HGLibA_18964	GFRA1	124891	107169	79910	92239	133212	138878
HGLibB_18940	GFRA1	44856	41517	179019	199402	99097	100564
HGLibB_18941	GFRA1	37193	29328	90707	96444	47235	39282
HGLibA_19075	GIMAP2	21071	17595	47486	55041	68113	67627
HGLibA_19076	GIMAP2	5	99	44656	39870	13626	10339
HGLibB_19050	GIMAP2	126471	111951	94557	104536	87807	95064
HGLibA_19242	GLE1	16776	9152	44403	31220	39946	24187
HGLibB_19216	GLE1	6155	3858	58374	46410	26054	20220
HGLibB_19217	GLE1	5986	4312	13417	11853	12896	8407
HGLibA_19492	GNB2L1	44110	16165	21689	10439	29495	9396
HGLibA_19494	GNB2L1	11833	5416	17893	10928	17508	10101
HGLibB_19466	GNB2L1	88391	59297	55977	55741	50388	38255
HGLibA_19566	GNPDA1	71017	58448	61238	60061	105799	96814
HGLibB_19537	GNPDA1	36903	30124	54845	57839	66143	65163
HGLibB_19539	GNPDA1	9909	8607	64536	68247	56397	56916
HGLibA_19570	GNPNAT1	83938	68440	86705	94386	62583	62146
HGLibA_19572	GNPNAT1	36227	36026	46070	49277	53392	55948
HGLibB_19543	GNPNAT1	35608	24138	80436	74113	49427	43335
HGLibA_19588	GNS	41504	31521	94182	89492	52541	48639
HGLibA_19589	GNS	115551	94125	78184	87099	60110	65592
HGLibB_19563	GNS	29286	20805	45183	40782	35939	29792
HGLibA_19650	GOLGB1	71398	57107	94543	97053	77961	81163
HGLibB_19620	GOLGB1	32007	24269	57215	46149	54049	43419
HGLibB_19621	GOLGB1	53244	45512	53830	56123	59453	53259
HGLibA_19830	GPN3	9060	5043	16349	9953	11182	6373
HGLibA_19831	GPN3	283465	232188	132588	131394	141731	128285
HGLibB_19804	GPN3	20712	11274	31141	21410	25696	16290
HGLibA_20376	GRPR	135509	111650	106346	112948	81654	81470
HGLibB_20348	GRPR	130969	98696	163968	169903	125265	121922
HGLibB_20350	GRPR	107425	90120	74337	73498	60434	59271
HGLibA_20408	GSDMB	16593	14935	77000	78387	19425	20524
HGLibB_20379	GSDMB	35003	35337	27531	30174	35539	41599
HGLibB_20380	GSDMB	108768	90969	132960	137740	190947	181672
HGLibA_20605	GTPBP2	44033	32384	39029	39050	45648	44534
HGLibB_20575	GTPBP2	158702	105438	107035	97221	129786	106014
HGLibB_20576	GTPBP2	17417	16874	64869	68293	22420	29240
HGLibA_20734	H1F0	245866	203494	127999	152179	196094	190224
HGLibB_20704	H1F0	31027	20625	57358	59539	49309	48331
HGLibB_20705	H1F0	81329	61573	97487	102142	78336	70729
HGLibA_21140	HEPACAM2	136883	117304	48359	69648	87457	86427
HGLibB_21112	HEPACAM2	43823	39195	28909	35716	57255	64021
HGLibB_21114	HEPACAM2	2257	1846	44319	49759	10383	12942
HGLibA_21455	HIST1H3A	152260	148850	143166	188599	159869	189204
HGLibA_21456	HIST1H3A	226459	183201	95966	102316	184870	185262
HGLibA_21457	HIST1H3A	96180	83923	67973	80682	89644	101749
HGLibA_21877	HOOK1	36567	23105	104562	84865	76596	67886
HGLibB_21846	HOOK1	19881	17649	75752	74231	55434	60470
HGLibB_21848	HOOK1	40271	31342	42907	40635	14355	14967
HGLibA_21881	HOOK3	81810	47781	81460	38906	52343	40459
HGLibA_21882	HOOK3	19540	12120	94400	82856	22293	17902
HGLibB_21854	HOOK3	36604	28150	23819	30084	19660	23345
HGLibA_22042	HPRT1	311827	279201	171743	186694	217153	236025
HGLibA_22044	HPRT1	16322	13079	35990	42865	39836	40164
HGLibB_22014	HPRT1	155307	132962	80705	78961	84164	88714
HGLibA_22084	HRC	85970	64626	49675	53810	44414	51516
HGLibB_22056	HRC	197796	190858	104004	119670	145148	155961
HGLibB_22057	HRC	185646	184190	129902	168797	152837	174299
HGLibA_23069	IL2	2345	1852	89349	85845	24560	22160
HGLibA_23070	IL2	34170	28424	58507	68505	50072	46856
HGLibB_23038	IL2	70336	57358	30515	30272	19767	24100
HGLibA_23099	IL23R	13395	12335	59016	54373	48969	56067
HGLibB_23069	IL23R	11434	11765	65670	72599	19739	19919
HGLibB_23070	IL23R	40965	33033	52214	54268	35387	34746
HGLibB_23140	IL4R	66774	56073	91361	98410	90597	91233
HGLibB_23141	IL4R	72560	53082	62465	74211	65898	68645
HGLibB_23142	IL4R	87353	77959	116354	125113	155960	157373
HGLibA_23228	IMMP1L	12254	12464	37983	38158	38986	38689
HGLibA_23229	IMMP1L	29154	23543	96218	92237	68870	60899
HGLibA_23230	IMMP1L	20628	14697	45496	45628	28190	26792
HGLibA_23586	IRF3	86223	57058	98798	81146	64710	49883
HGLibB_23552	IRF3	23230	21550	38443	44539	25697	25534
HGLibB_23554	IRF3	188004	134221	92494	81242	141890	116763
HGLibA_23631	IRX2	48192	43862	66835	77804	88446	90698
HGLibB_23598	IRX2	25399	22507	66092	70094	41518	41205
HGLibB_23599	IRX2	342229	333337	140768	169922	164157	169874
HGLibA_23682	ISOC1	14805	13505	59315	64729	49420	50168
HGLibB_23648	ISOC1	81999	64290	115929	121613	108536	106237
HGLibB_23649	ISOC1	104027	87199	124376	137035	148729	153203
HGLibA_24675	KIAA1009	27038	24123	49280	45940	15461	16132
HGLibA_24676	KIAA1009	5773	6246	20171	25140	43667	41589
HGLibB_24642	KIAA1009	52513	37874	82859	80587	89683	85341
HGLibA_24942	KIF4A	25540	25535	52406	60071	26232	22734
HGLibA_24944	KIF4A	3972	4381	25425	36518	16774	22080
HGLibB_24909	KIF4A	143055	127227	121718	126809	106106	103250
HGLibA_25176	KLHL3	162119	144685	119605	131286	128949	135323
HGLibB_25141	KLHL3	294	536	68850	64934	47136	43246
HGLibB_25142	KLHL3	54358	51708	68629	75909	131164	138200
HGLibA_25198	KLHL36	72947	81719	43237	66811	70343	87570
HGLibA_25199	KLHL36	190317	186094	101101	132012	72119	81161
HGLibB_25162	KLHL36	27484	42138	21999	18893	15580	8413
HGLibA_25288	KLRC2	201521	169760	153700	161408	166148	171450
HGLibA_25289	KLRC2	113284	97088	108402	114586	89790	89448
HGLibB_25252	KLRC2	101818	89775	96889	105567	88169	95516
HGLibA_25572	KRT86	4643	4854	35125	36761	26132	27893
HGLibA_25574	KRT86	108364	89273	58512	65432	62942	61580
HGLibB_25537	KRT86	7538	6115	40559	43591	23345	20337
HGLibA_25766	KRTAP4-5	14138	12985	56842	66082	37898	43374
HGLibA_25767	KRTAP4-5	69149	60870	84738	88925	63930	57980
HGLibB_25730	KRTAP4-5	81780	50530	112042	93666	141669	102805
HGLibA_26299	LENG8	36899	35922	40535	54801	18437	20548
HGLibA_26301	LENG8	70538	65487	44489	56328	51305	53588
HGLibB_26263	LENG8	36978	30809	45228	51606	48239	49294
HGLibA_26588	LINGO2	355142	314766	98692	113368	111769	109330
HGLibA_26589	LINGO2	78615	68851	84198	92176	116827	127044
HGLibB_26552	LINGO2	113358	88421	35701	31383	55568	49757
HGLibB_27015	LPAR2	58913	51200	108256	116487	93375	89665
HGLibB_27016	LPAR2	94922	92812	84485	96620	142718	153811
HGLibB_27017	LPAR2	4902	3809	56799	61136	21621	19617
HGLibB_27348	LRRC55	26965	22068	62425	65680	71589	68889
HGLibB_27349	LRRC55	26442	23894	49095	47321	49165	53827
HGLibB_27350	LRRC55	35786	33731	54607	67417	26769	26610
HGLibA_27550	LSM7	44707	31854	13873	12479	15967	13460
HGLibB_27511	LSM7	6307	3935	32391	25198	20407	16171
HGLibB_27512	LSM7	24399	18499	27279	32531	40396	34643
HGLibA_27614	LTN1	62357	44491	79530	88494	70511	66283
HGLibA_27615	LTN1	25303	19037	91013	85087	29010	27563
HGLibB_27573	LTN1	51160	40162	33373	36459	31215	26004
HGLibA_27619	LUC7L	62445	51693	101184	96084	104701	113246
HGLibA_27620	LUC7L	13648	13794	105212	98380	32441	32815
HGLibB_27581	LUC7L	45046	34496	116393	131003	75642	74193
HGLibA_27675	LY6H	49764	54585	22460	27264	36477	46064
HGLibB_27632	LY6H	60125	54640	48611	64303	43105	44986
HGLibB_27633	LY6H	280889	194071	151604	123860	173801	164332
HGLibA_28177	MAP3K19	13457	9798	54779	53470	56550	54093
HGLibA_28179	MAP3K19	78412	65293	87021	94787	74102	81751
HGLibB_28137	MAP3K19	88203	77201	136714	137773	134471	121104
HGLibA_28489	MBD5	52505	46117	51418	52988	35142	34876
HGLibA_28490	MBD5	46117	37076	68281	68863	29212	25875
HGLibB_28450	MBD5	56564	43975	61506	59573	24692	25336
HGLibA_28631	MCMBP	38499	30382	68312	64470	49232	53917
HGLibA_28632	MCMBP	45829	34919	69104	67583	86267	84263
HGLibB_28589	MCMBP	27455	18866	116630	110152	72700	58207
HGLibA_28741	MED12	118074	101219	111530	108153	109453	119940
HGLibB_28701	MED12	21792	20490	47595	65469	16616	23445
HGLibB_28702	MED12	151054	130900	72652	83826	53966	60283
HGLibA_28768	MED19	43950	39136	45188	50467	36145	39521
HGLibA_28769	MED19	114901	116651	79178	96763	90056	108020
HGLibA_28770	MED19	245689	234317	138626	149154	207210	216379
HGLibA_29053	MFAP5	129473	101508	58702	57879	34186	32121
HGLibA_29054	MFAP5	17033	15874	37362	39727	21207	21853
HGLibB_29012	MFAP5	54075	48832	101775	112543	68746	67462
HGLibA_29068	MFN1	96498	69485	57869	53100	41938	34952
HGLibA_29069	MFN1	25525	20567	67649	67824	55656	52169
HGLibB_29028	MFN1	17285	12798	40682	38921	29534	24610
HGLibA_29227	MICU3	21743	20316	87885	97320	70198	66465
HGLibA_29228	MICU3	22578	19866	65284	69397	58143	52223
HGLibB_29187	MICU3	60939	54624	102280	111519	110967	104268
HGLibA_29437	MLX	19498	20141	16659	20449	12782	15272
HGLibA_29439	MLX	208023	203049	69187	97940	78656	98178
HGLibB_29398	MLX	223758	225197	119891	154418	134656	149854
HGLibA_29930	MRPL22	90687	80710	83293	79384	91037	79210
HGLibA_29931	MRPL22	1039	1218	17626	16990	6739	7252
HGLibB_29888	MRPL22	126184	118830	79565	89583	80987	95536
HGLibA_30453	MTOR	8277	5745	31875	37520	34691	36821
HGLibA_30454	MTOR	94329	84193	55131	60586	92843	91883
HGLibB_30413	MTOR	21510	20008	28855	36663	13981	17314
HGLibA_30456	MTPAP	112610	115219	70800	92811	89232	99299
HGLibA_30458	MTPAP	97940	82116	74808	86665	102792	102310
HGLibB_30414	MTPAP	8319	7710	9774	11747	4578	4666
HGLibA_30519	MUC1	89320	94407	60460	76196	85531	112298
HGLibA_30520	MUC1	21616	19947	27126	39057	34036	41110
HGLibB_30478	MUC1	13892	12185	58163	67899	46325	44783
HGLibA_30723	MYH3	96080	85246	104904	125177	120105	126315
HGLibA_30724	MYH3	13341	9976	89826	89823	97509	88036
HGLibB_30682	MYH3	26957	18531	82106	75862	32884	28405
HGLibA_31080	NAIP	21878	21283	78657	93188	32621	40969
HGLibA_31082	NAIP	19491	16886	52218	57778	21603	20705
HGLibB_31038	NAIP	53285	44625	76905	89117	37084	36543
HGLibA_31162	NASP	3641	2101	100620	103580	19685	18529
HGLibB_31118	NASP	63676	66208	61836	90863	63744	73365
HGLibB_31119	NASP	44152	29167	86673	60974	24449	29447
HGLibA_31599	NEDD1	29353	23431	48912	50341	55038	45959
HGLibB_31556	NEDD1	1486	966	9148	8515	7577	5707
HGLibB_31557	NEDD1	25985	18962	23505	28915	19678	20676
HGLibA_31671	NELFA	57128	168619	26994	104625	47262	157453
HGLibB_31627	NELFA	65075	135558	74786	192806	69063	157941
HGLibB_31628	NELFA	277161	339081	90878	115767	94911	150156
HGLibA_31675	NELFB	176880	589994	71325	271512	116965	416941
HGLibB_31630	NELFB	18445	57073	18541	61179	26386	76528
HGLibB_31632	NELFB	16111	41663	31096	80902	38482	118473
HGLibA_31678	NELFCD	156804	387166	95754	268748	109922	294996
HGLibB_31633	NELFCD	69042	187169	47053	181348	49126	168581
HGLibB_31635	NELFCD	129533	391481	74988	244612	75027	242861
HGLibA_32027	NKX1-2	201132	161476	199089	211796	176215	168888
HGLibA_32028	NKX1-2	57189	54544	72373	79012	57289	60560
HGLibB_31984	NKX1-2	95093	88232	58955	62010	67324	69907
HGLibA_32262	NOL12	123067	118414	70424	92740	95166	109635
HGLibB_32218	NOL12	54056	51138	75668	84418	57117	69918
HGLibB_32219	NOL12	244328	208935	157291	177120	122710	124459
HGLibA_32579	NR1H2	87302	67327	136273	126238	193104	179543
HGLibB_32535	NR1H2	20446	21764	74544	84992	63864	70169
HGLibB_32537	NR1H2	68212	54632	97129	99418	90000	94859
HGLibA_33085	NUPL2	49722	22707	53668	39691	88301	56854
HGLibB_33039	NUPL2	6711	5355	43230	37788	23244	20000
HGLibB_33040	NUPL2	26790	16000	56416	41092	23639	18108
HGLibA_33125	NXF1	4916	1988	12763	7481	17609	9183
HGLibA_33126	NXF1	62493	41715	80736	68850	86302	65945
HGLibB_33083	NXF1	23685	8255	41919	21954	27252	15125
HGLibA_33173	NXT1	175365	97621	120663	84809	144509	87838
HGLibA_33174	NXT1	45286	41219	82853	91633	47064	42899
HGLibB_33131	NXT1	72536	43138	62638	46301	63863	38497
HGLibB_57031	NonTargetingControlGuideForHuman_0003	103980	94548	105790	125931	124571	119153
HGLibB_57056	NonTargetingControlGuideForHuman_0028	197601	164123	138094	140620	171581	154901
HGLibB_57069	NonTargetingControlGuideForHuman_0041	394139	344728	218448	225249	319802	288139
HGLibB_57071	NonTargetingControlGuideForHuman_0043	156907	147445	137823	154515	178815	176235
HGLibB_57080	NonTargetingControlGuideForHuman_0052	247779	225274	121479	137504	214595	220637
HGLibB_57088	NonTargetingControlGuideForHuman_0060	133368	109805	162933	178347	175058	174706
HGLibB_57130	NonTargetingControlGuideForHuman_0102	374793	324779	96456	110168	120366	132258
HGLibB_57132	NonTargetingControlGuideForHuman_0104	154095	128322	138369	152086	169671	172713
HGLibB_57135	NonTargetingControlGuideForHuman_0107	94351	76792	94461	96513	62432	54471
HGLibB_57141	NonTargetingControlGuideForHuman_0113	188823	146676	101517	109391	121731	111823
HGLibB_57153	NonTargetingControlGuideForHuman_0125	81241	64309	75251	78245	65486	64743
HGLibB_57154	NonTargetingControlGuideForHuman_0126	233789	200178	159052	174882	207517	204809
HGLibB_57167	NonTargetingControlGuideForHuman_0139	47588	41649	67271	75433	29052	27959
HGLibB_57169	NonTargetingControlGuideForHuman_0141	252182	212946	214058	235949	280201	291451
HGLibB_57173	NonTargetingControlGuideForHuman_0145	59252	50844	138873	146536	82951	78304
HGLibB_57179	NonTargetingControlGuideForHuman_0151	99602	78129	119476	96490	129490	101813
HGLibB_57212	NonTargetingControlGuideForHuman_0184	123838	111642	93261	100432	103520	101267
HGLibB_57221	NonTargetingControlGuideForHuman_0193	173923	146751	158782	169928	126112	115941
HGLibB_57256	NonTargetingControlGuideForHuman_0228	157128	133751	148307	146275	147368	143451
HGLibB_57258	NonTargetingControlGuideForHuman_0230	162576	144748	137608	147771	81692	80385
HGLibB_57272	NonTargetingControlGuideForHuman_0244	41272	35067	95856	105692	48790	57470
HGLibB_57273	NonTargetingControlGuideForHuman_0245	28292	24487	75624	81399	73691	68293
HGLibB_57279	NonTargetingControlGuideForHuman_0251	341829	266150	141304	150568	140808	134380
HGLibB_57295	NonTargetingControlGuideForHuman_0267	130320	105101	168304	167263	146631	144685
HGLibB_57296	NonTargetingControlGuideForHuman_0268	6812	5889	39452	42257	57512	53326
HGLibB_57299	NonTargetingControlGuideForHuman_0271	12009	10616	64011	70725	91363	92531
HGLibB_57301	NonTargetingControlGuideForHuman_0273	308390	184752	188830	150863	205052	148328
HGLibB_57305	NonTargetingControlGuideForHuman_0277	369549	324086	181475	206020	299352	304806
HGLibB_57308	NonTargetingControlGuideForHuman_0280	14573	12581	119702	110548	72496	73748
HGLibB_57312	NonTargetingControlGuideForHuman_0284	190352	150711	149202	158780	196252	183747
HGLibB_57318	NonTargetingControlGuideForHuman_0290	370147	325925	163707	184798	183201	184289
HGLibB_57324	NonTargetingControlGuideForHuman_0296	216939	180595	150012	146859	142836	137638
HGLibB_57330	NonTargetingControlGuideForHuman_0302	112615	75447	93155	88488	94099	82427
HGLibB_57344	NonTargetingControlGuideForHuman_0316	56579	57823	52394	62464	74310	88701
HGLibB_57347	NonTargetingControlGuideForHuman_0319	139058	104475	202016	190328	120076	108946
HGLibB_57369	NonTargetingControlGuideForHuman_0341	162221	124250	130392	134578	128755	121172
HGLibB_57371	NonTargetingControlGuideForHuman_0343	55348	51419	101857	118807	75286	72163
HGLibB_57394	NonTargetingControlGuideForHuman_0366	10806	8745	112903	118174	67011	62653
HGLibB_57395	NonTargetingControlGuideForHuman_0367	326387	279058	234586	245115	307188	285576
HGLibB_57402	NonTargetingControlGuideForHuman_0374	112077	105442	129569	157744	149543	160421
HGLibB_57403	NonTargetingControlGuideForHuman_0375	148513	134290	108609	117018	113553	116780
HGLibB_57407	NonTargetingControlGuideForHuman_0379	100124	73634	85752	92010	137989	114763
HGLibB_57424	NonTargetingControlGuideForHuman_0396	77727	65178	95826	95864	49664	54863
HGLibB_57425	NonTargetingControlGuideForHuman_0397	85921	69996	70246	80326	83760	79221
HGLibB_57442	NonTargetingControlGuideForHuman_0414	260426	201570	104950	106460	110049	97734
HGLibB_57446	NonTargetingControlGuideForHuman_0418	77001	69525	77285	83266	55683	57987
HGLibB_57454	NonTargetingControlGuideForHuman_0426	159212	129595	144471	143234	113035	105578
HGLibB_57460	NonTargetingControlGuideForHuman_0432	75609	71216	81566	95328	103891	111383
HGLibB_57466	NonTargetingControlGuideForHuman_0438	165842	128223	90940	85445	122673	107696
HGLibB_57490	NonTargetingControlGuideForHuman_0462	77240	56029	102600	107838	73036	67085
HGLibB_57496	NonTargetingControlGuideForHuman_0468	15388	11010	90798	106698	56657	59039
HGLibB_57511	NonTargetingControlGuideForHuman_0483	36205	26429	58288	52290	37714	36577
HGLibB_57523	NonTargetingControlGuideForHuman_0495	112912	87149	79780	88842	90354	95355
HGLibB_57560	NonTargetingControlGuideForHuman_0532	107131	86469	118686	121301	49555	50016
HGLibB_57563	NonTargetingControlGuideForHuman_0535	64720	50085	74795	78057	47722	46479
HGLibB_57585	NonTargetingControlGuideForHuman_0557	117122	107981	89664	100870	126657	125754
HGLibB_57591	NonTargetingControlGuideForHuman_0563	75548	62215	70404	73566	54844	47989
HGLibB_57608	NonTargetingControlGuideForHuman_0580	245994	186197	144431	135456	182163	168962
HGLibB_57624	NonTargetingControlGuideForHuman_0596	54331	47308	82358	92516	92442	104067
HGLibB_57626	NonTargetingControlGuideForHuman_0598	43240	37204	94247	102365	63654	58951
HGLibB_57631	NonTargetingControlGuideForHuman_0603	367596	308644	204550	231857	227826	219264
HGLibB_57633	NonTargetingControlGuideForHuman_0605	154719	127657	143888	155002	167984	166924
HGLibB_57638	NonTargetingControlGuideForHuman_0610	27950	24415	92745	101409	108148	112399
HGLibB_57642	NonTargetingControlGuideForHuman_0614	243419	209002	174427	186999	224040	211004
HGLibB_57650	NonTargetingControlGuideForHuman_0622	26882	21330	97371	95740	63242	61383
HGLibB_57655	NonTargetingControlGuideForHuman_0627	45437	36365	27545	29815	34906	32949
HGLibB_57667	NonTargetingControlGuideForHuman_0639	223151	195118	267019	290722	203224	218509
HGLibB_57679	NonTargetingControlGuideForHuman_0651	124779	100116	187992	184570	124938	115857
HGLibB_57698	NonTargetingControlGuideForHuman_0670	64974	54256	139830	135536	155583	139630
HGLibB_57721	NonTargetingControlGuideForHuman_0693	108993	82316	112832	105712	57418	49829
HGLibB_57734	NonTargetingControlGuideForHuman_0706	107678	92434	175451	177741	244695	224998
HGLibB_57744	NonTargetingControlGuideForHuman_0716	1245	1245	64767	68716	54832	55348
HGLibB_57759	NonTargetingControlGuideForHuman_0731	75194	62045	118924	106459	42819	41040
HGLibB_57770	NonTargetingControlGuideForHuman_0742	31399	28731	32112	35744	58386	56975
HGLibB_57771	NonTargetingControlGuideForHuman_0743	240270	198413	109056	116756	208501	208037
HGLibB_57780	NonTargetingControlGuideForHuman_0752	90847	76970	96028	99532	89421	83444
HGLibB_57812	NonTargetingControlGuideForHuman_0784	35734	26130	59880	54889	62445	56048
HGLibB_57816	NonTargetingControlGuideForHuman_0788	2896	3631	54546	65460	35185	33494
HGLibB_57826	NonTargetingControlGuideForHuman_0798	149073	111137	106935	108014	129271	113071
HGLibB_57844	NonTargetingControlGuideForHuman_0816	194713	169161	188966	199820	152135	152268
HGLibB_57858	NonTargetingControlGuideForHuman_0830	5757	5031	58612	56956	24638	23068
HGLibB_57859	NonTargetingControlGuideForHuman_0831	128590	112346	140855	164897	162162	165893
HGLibB_57871	NonTargetingControlGuideForHuman_0843	159928	137248	151570	148901	131486	132609
HGLibB_57899	NonTargetingControlGuideForHuman_0871	600043	510943	179688	190871	350733	341676
HGLibB_57906	NonTargetingControlGuideForHuman_0878	5709	6152	64512	63890	71741	65553
HGLibB_57952	NonTargetingControlGuideForHuman_0924	31781	27166	64446	73657	21353	21102
HGLibB_57960	NonTargetingControlGuideForHuman_0932	35096	28526	64264	70489	75196	76400
HGLibB_57975	NonTargetingControlGuideForHuman_0947	42722	35948	68200	72901	61688	61378
HGLibB_57978	NonTargetingControlGuideForHuman_0950	40511	32289	110163	106595	49858	43363
HGLibB_57988	NonTargetingControlGuideForHuman_0960	111838	68640	94931	84477	145790	121356
HGLibB_57989	NonTargetingControlGuideForHuman_0961	12610	8033	36410	28827	27521	21425
HGLibB_58016	NonTargetingControlGuideForHuman_0988	31533	33398	54274	54302	46041	49331
HGLibB_58018	NonTargetingControlGuideForHuman_0990	65070	51833	86232	95973	93174	91094
HGLibB_58026	NonTargetingControlGuideForHuman_0998	29574	22419	81130	83748	36305	36255
HGLibA_33194	OARD1	8486	9262	34649	36411	33685	34232
HGLibA_33196	OARD1	15765	11208	76887	68976	31129	31092
HGLibB_33152	OARD1	5972	5504	44929	50110	30142	28959
HGLibA_33829	OR2L8	32444	25072	68281	74540	31953	28059
HGLibA_33830	OR2L8	83305	73483	83857	89127	78662	78713
HGLibB_33786	OR2L8	115769	114854	158462	189890	147992	157277
HGLibA_33875	OR2T33	111639	140431	86092	114253	89027	103216
HGLibB_33829	OR2T33	159005	161371	64388	75068	87304	101220
HGLibB_33831	OR2T33	6968	8750	45958	50092	38992	40086
HGLibA_33949	OR4C16	25455	19796	61164	66016	35351	33432
HGLibA_33950	OR4C16	68969	61196	89851	94911	37764	38352
HGLibA_33951	OR4C16	79403	72448	49972	50400	30120	28314
HGLibA_34397	OR6C65	36915	25734	87268	84847	65546	60461
HGLibA_34398	OR6C65	87273	75200	60172	59034	63953	61050
HGLibB_34351	OR6C65	43419	34236	70335	73191	29700	26685
HGLibB_34510	OR8U1	41664	39098	50275	52209	42383	44679
HGLibB_34511	OR8U1	25515	16035	46849	40189	27455	27118
HGLibB_34512	OR8U1	49954	40936	140956	123033	52111	49065
HGLibA_34588	ORAI1	77630	60593	85307	92068	81529	72147
HGLibA_34590	ORAI1	67366	62848	193260	216750	118918	116982
HGLibB_34543	ORAI1	267864	220386	126534	144141	193316	183329
HGLibA_36587	PIGT	62750	41518	67429	64403	108014	93224
HGLibA_36588	PIGT	73630	48446	73910	55757	45624	36114
HGLibB_36541	PIGT	21863	18672	79756	86779	77707	73519
HGLibA_36791	PKD1L1	11557	9955	69613	73478	90044	91461
HGLibA_36792	PKD1L1	55073	47525	69673	80253	55285	56638
HGLibB_36745	PKD1L1	26308	18364	28501	31040	49906	49507
HGLibA_36885	PLA2G2A	49812	42124	56851	71990	48885	53111
HGLibB_36838	PLA2G2A	25196	21941	47476	55450	48143	54367
HGLibB_36839	PLA2G2A	33279	24075	58424	66619	28351	27743
HGLibA_37070	PLEKHA4	43245	38707	61442	71417	59395	61140
HGLibA_37072	PLEKHA4	175207	169094	112120	130510	126837	139551
HGLibB_37024	PLEKHA4	4	46	27939	33514	9756	11227
HGLibA_38100	PPP1R3B	30490	24494	44357	44685	70285	67149
HGLibA_38101	PPP1R3B	114500	103927	65859	80367	47069	50300
HGLibB_38052	PPP1R3B	53752	47594	60686	63696	48198	52081
HGLibA_38590	PRKRIR	2702	2060	50438	39980	35038	28154
HGLibA_38591	PRKRIR	29931	21039	17356	17329	18958	17869
HGLibB_38541	PRKRIR	40677	26976	59463	58958	31730	29109
HGLibA_38952	PRSS50	594124	473114	293585	312535	343895	301367
HGLibB_38903	PRSS50	58628	54420	55623	62573	50169	59714
HGLibB_38904	PRSS50	122116	97235	100056	103033	131439	141936
HGLibA_39153	PSMD11	94000	84011	94960	104276	93539	85292
HGLibA_39154	PSMD11	114048	85824	73355	75185	54383	55234
HGLibB_39104	PSMD11	39989	37948	156166	181455	75028	80448
HGLibA_39969	RAB6A	64480	37924	41977	31034	36904	29980
HGLibA_39970	RAB6A	92546	41849	44233	27433	55416	28535
HGLibA_39971	RAB6A	132706	100474	79959	83646	94215	93356
HGLibA_40056	RAD17	19495	14871	24987	35635	19069	24893
HGLibA_40057	RAD17	22714	21301	58991	60904	46275	46770
HGLibB_40006	RAD17	2927	1791	55633	50148	14069	13664
HGLibA_40107	RAD9A	17638	16827	18079	23134	26732	33333
HGLibA_40109	RAD9A	140847	136440	80551	92769	90601	101127
HGLibB_40056	RAD9A	99542	92048	69186	66060	75711	72018
HGLibA_40226	RAP1GAP	144530	128906	142093	162687	82494	78311
HGLibA_40227	RAP1GAP	70596	60343	120829	117264	70617	62052
HGLibB_40176	RAP1GAP	189250	155219	105697	105933	58510	56264
HGLibA_40429	RBBP4	20213	36185	27991	68070	20460	36118
HGLibB_40376	RBBP4	123659	100942	116120	120621	79908	87514
HGLibB_40378	RBBP4	35202	58862	28211	68269	30934	66179
HGLibA_40727	RD3L	92177	78319	81450	97030	50973	53803
HGLibB_40676	RD3L	54045	49415	81387	77483	84904	88365
HGLibB_40677	RD3L	185976	138463	60474	59758	37080	31526
HGLibA_40734	RDH11	51526	43208	89571	95508	77991	71384
HGLibA_40735	RDH11	184475	159891	135814	137651	129335	130256
HGLibB_40682	RDH11	131474	113494	71330	81224	63635	66215
HGLibA_40742	RDH14	550262	437030	191195	185124	337036	298595
HGLibA_40744	RDH14	73237	56083	99383	89784	75299	69047
HGLibB_40691	RDH14	335144	232603	138699	121401	128851	127726
HGLibA_40756	RDM1	78286	71255	52507	62563	67503	65620
HGLibB_40703	RDM1	29698	35678	31311	38851	33597	40334
HGLibB_40705	RDM1	48610	40390	70263	69092	28780	26959
HGLibA_40917	RFESD	57575	50532	71929	76107	33515	30309
HGLibA_40918	RFESD	79310	69962	47255	57680	46857	47709
HGLibB_40867	RFESD	60458	44148	97172	94905	26009	22458
HGLibA_41098	RGS5	99285	89319	60217	71565	46182	54836
HGLibB_41045	RGS5	28514	24640	90996	101181	77300	79833
HGLibB_41047	RGS5	31017	20953	80942	89939	32587	35252
HGLibA_41358	RLN3	54922	42752	54185	56916	58603	53663
HGLibB_41305	RLN3	43421	27998	73530	58405	73957	57716
HGLibB_41307	RLN3	155479	128019	47283	58499	56393	60647
HGLibA_41387	RNASE1	155216	116870	177725	159953	159598	139273
HGLibA_41388	RNASE1	79599	78503	89767	103591	81570	87379
HGLibB_41336	RNASE1	68007	70073	62426	70568	64886	75009
HGLibA_42703	SAMHD1	6946	4702	33901	37735	19518	16856
HGLibA_42705	SAMHD1	21341	16250	68038	73128	100271	103708
HGLibB_42652	SAMHD1	15539	11615	29743	31545	23904	24521
HGLibA_42726	SAP30BP	10920	8745	27644	24930	11608	10706
HGLibB_42671	SAP30BP	37421	33647	54790	70399	77777	86323
HGLibB_42673	SAP30BP	21725	18744	32444	36906	37697	36159
HGLibA_43086	SCYL1	45565	37754	29694	28611	19940	18342
HGLibB_43032	SCYL1	58119	50397	49947	55795	58165	63313
HGLibB_43033	SCYL1	176674	168216	56785	65973	60133	63657
HGLibA_43549	SERPINB3	36897	32285	48563	53239	46832	47209
HGLibA_43551	SERPINB3	8556	6983	50889	57963	48774	49225
HGLibB_43496	SERPINB3	67649	52234	90075	93497	87597	85223
HGLibA_43599	SERPINI1	218613	174290	123206	116628	155143	142405
HGLibB_43545	SERPINI1	32809	28660	129809	123552	84910	82861
HGLibB_43546	SERPINI1	101958	85576	172307	181767	85783	80836
HGLibA_43619	SESN1	241070	203054	178358	176454	166716	153307
HGLibA_43620	SESN1	70161	48153	72390	80038	68017	58655
HGLibB_43567	SESN1	18438	11757	16469	15635	23334	18054
HGLibA_43722	SFMBT1	57225	42387	101347	107775	70437	63600
HGLibB_43668	SFMBT1	55958	44899	97288	107856	66040	63645
HGLibB_43669	SFMBT1	100597	85752	65058	75306	90279	83801
HGLibA_43913	SH3BGR	77404	52789	62736	60975	62531	58454
HGLibA_43914	SH3BGR	36134	28243	57570	63388	41643	42583
HGLibB_43859	SH3BGR	39264	35011	59459	53212	29099	28231
HGLibA_44026	SHFM1	27454	8440	34095	10364	31274	11749
HGLibA_44028	SHFM1	58066	25158	73548	44445	44760	25585
HGLibB_43973	SHFM1	46071	21722	43027	23339	53998	24997
HGLibA_44176	SIM2	81137	66232	113042	110578	125785	125345
HGLibA_44177	SIM2	53149	50086	86186	93841	75318	76692
HGLibB_44125	SIM2	18951	16833	46282	31098	54937	52545
HGLibA_45621	SMARCB1	44702	24074	40093	26797	59709	35689
HGLibB_45564	SMARCB1	21713	10611	33397	20320	40878	22869
HGLibB_45565	SMARCB1	62377	40391	102109	80720	49025	33843
HGLibA_45727	SMIM13	92889	95843	63794	88369	108831	127513
HGLibA_45728	SMIM13	143548	134373	74361	91149	111664	110227
HGLibB_45674	SMIM13	59757	54127	60330	67505	40463	41367
HGLibA_46936	SRCRB4D	50581	42503	66219	77829	55913	59494
HGLibB_46880	SRCRB4D	280851	219800	142562	140992	142262	123879
HGLibB_46881	SRCRB4D	5579	2979	102926	98701	42595	32402
HGLibA_47064	SRSF10	38670	19745	39728	28972	52558	33539
HGLibB_47005	SRSF10	12409	9158	36861	35394	13962	12338
HGLibB_47006	SRSF10	6266	4187	54088	47226	22317	20695
HGLibA_47464	STK17B	31409	22233	39891	34657	22399	22139
HGLibB_47408	STK17B	52938	42167	48042	48252	29222	29274
HGLibB_47409	STK17B	70233	68451	73786	82479	32548	33234
HGLibA_47629	STX18	8360	7789	33432	33357	8439	8737
HGLibA_47630	STX18	29207	26114	45073	49373	23384	24379
HGLibB_47574	STX18	6198	3686	50012	54844	90629	92517
HGLibA_47843	SUSD1	130542	122443	87843	93605	71165	66830
HGLibA_47844	SUSD1	114297	113192	103979	119910	102011	110815
HGLibA_47845	SUSD1	66690	57449	46695	50993	80720	86754
HGLibA_47891	SVOP	13315	9817	25601	22674	12462	10846
HGLibA_47892	SVOP	167846	118368	184654	150338	170575	130105
HGLibB_47835	SVOP	31723	25355	50429	57555	22157	22875
HGLibA_47950	SYK	18708	13209	77745	82209	45486	44466
HGLibB_47889	SYK	65440	55186	63844	72560	88094	85089
HGLibB_47890	SYK	46118	36140	85764	90085	49778	44654
HGLibA_48259	TAF8	26018	18685	25950	22744	34728	29861
HGLibB_48198	TAF8	13648	10997	37685	39093	38371	37543
HGLibB_48200	TAF8	41340	38965	32874	36082	21927	23992
HGLibA_48300	TANGO6	60415	45940	49802	48865	57222	50972
HGLibA_48301	TANGO6	35267	27346	32534	28935	34839	32284
HGLibB_48241	TANGO6	17513	13015	65035	63896	38816	40084
HGLibA_48414	TAS2R46	33633	23736	99105	118832	54657	58281
HGLibB_48355	TAS2R46	144977	116209	109902	123517	148961	135670
HGLibB_48356	TAS2R46	10470	6515	110896	125993	43163	44288
HGLibA_48482	TBC1D15	42841	36977	72997	91569	78835	77222
HGLibB_48422	TBC1D15	209662	189676	111248	122810	147013	151624
HGLibB_48424	TBC1D15	41200	30157	43712	37021	27559	25088
HGLibA_48880	TDG	59940	57734	69649	76426	52547	52960
HGLibA_48882	TDG	70330	66705	69244	87795	69325	82170
HGLibB_48821	TDG	22992	18573	51752	58179	30766	27442
HGLibA_48887	TDO2	34805	26047	60554	66061	50084	44620
HGLibA_48888	TDO2	131338	102646	87641	103104	114877	114405
HGLibB_48828	TDO2	23908	22067	150024	155138	57957	52734
HGLibA_49196	TFRC	14248	12685	28762	35188	30269	34060
HGLibB_49136	TFRC	17082	19487	35343	48654	15930	20754
HGLibB_49137	TFRC	13190	12412	32570	38041	29922	33121
HGLibA_49411	THTPA	261336	257970	95851	121960	127558	141014
HGLibA_49412	THTPA	184082	174879	187567	231555	229722	262524
HGLibB_49353	THTPA	77151	77523	95271	101931	61018	66856
HGLibA_49642	TLR10	35777	27510	83461	83357	63750	62598
HGLibA_49643	TLR10	15376	12287	42546	44410	22682	20640
HGLibB_49583	TLR10	13836	11256	54075	61876	24812	23671
HGLibA_49714	TM7SF2	89355	68940	34756	34807	54580	47846
HGLibB_49654	TM7SF2	84951	37058	52554	30286	58396	26620
HGLibB_49655	TM7SF2	93849	81220	122338	136430	93504	89202
HGLibA_49724	TM9SF2	28519	27293	46582	64195	29289	36817
HGLibA_49725	TM9SF2	59301	51910	33987	32062	47217	46550
HGLibB_49665	TM9SF2	47347	48597	43657	50325	29246	36533
HGLibA_49729	TM9SF4	18983	15356	36914	48302	16065	16524
HGLibA_49731	TM9SF4	130343	99646	96063	81374	101609	80793
HGLibB_49671	TM9SF4	12562	9040	40093	31668	20940	20514
HGLibA_49865	TMEM108	46267	39570	31367	41934	41504	38590
HGLibA_49866	TMEM108	164360	123832	99686	112985	151523	150424
HGLibB_49806	TMEM108	255709	213135	105764	119319	146177	140005
HGLibA_49873	TMEM110	224348	186107	177343	186881	167592	169547
HGLibB_49813	TMEM110	32591	27127	61828	61765	30961	29666
HGLibB_49814	TMEM110	54776	50827	79387	77250	63229	60216
HGLibA_50520	TMEM81	8469	6047	34350	26996	40187	30096
HGLibB_50458	TMEM81	62191	56048	51878	65536	70642	83453
HGLibB_50460	TMEM81	138846	113314	165538	164891	172393	169478
HGLibA_51063	TP53I13	16889	20218	18005	21561	8078	9305
HGLibA_51064	TP53I13	141446	123470	60325	61887	109947	108669
HGLibB_51001	TP53I13	145269	119519	162614	160584	218786	201252
HGLibA_51246	TRAF3	44333	38220	45395	50149	49102	48010
HGLibA_51247	TRAF3	34177	25889	88890	90540	30337	30335
HGLibB_51183	TRAF3	19566	20233	17831	19398	11631	7475
HGLibB_51197	TRAF5	4233	4283	27293	33672	61903	62419
HGLibB_51198	TRAF5	67324	53630	33150	33491	48568	51743
HGLibB_51199	TRAF5	135748	113157	138643	127827	64648	62133
HGLibA_51564	TRIM60	38070	28371	95988	96162	54546	53170
HGLibB_51500	TRIM60	52577	45897	50337	53619	36330	33546
HGLibB_51501	TRIM60	165660	148082	127066	147565	129935	127360
HGLibA_52081	TTC23L	50186	37777	110356	105775	43827	36583
HGLibA_52082	TTC23L	21801	24318	68530	79609	37999	43072
HGLibB_52015	TTC23L	23252	24675	23880	33540	28008	34155
HGLibA_52101	TTC3	71336	67649	67878	75697	60679	61126
HGLibA_52102	TTC3	3323	2196	58692	57272	22434	21932
HGLibA_52103	TTC3	74710	61703	42686	44402	36010	32257
HGLibA_52143	TTC40	78521	63520	73735	80668	44630	46906
HGLibA_52144	TTC40	399030	366783	166147	180750	203955	213042
HGLibB_52080	TTC40	118785	125401	82144	95698	102160	123599
HGLibA_52442	TXNL4B	4393	4948	25848	29211	19097	22174
HGLibB_52375	TXNL4B	36170	32072	78348	87414	33535	37582
HGLibB_52377	TXNL4B	17080	13506	79239	80762	33729	29010
HGLibA_53765	VPS33A	17298	7806	68820	41316	41713	25111
HGLibB_53698	VPS33A	29776	24586	38610	42055	17979	19091
HGLibB_53699	VPS33A	21774	16212	74848	76041	69451	65635
HGLibA_53807	VPS52	2154	2400	29064	24914	22516	21641
HGLibB_53739	VPS52	169258	152153	168890	174757	156591	160632
HGLibB_53741	VPS52	1928	1756	80262	73413	58090	56440
HGLibA_54435	WTIP	85504	82962	35215	49247	41214	50194
HGLibA_54436	WTIP	51107	43685	58922	70414	78109	87496
HGLibB_54370	WTIP	18776	22702	72417	80335	16682	15633
HGLibA_54609	XRRA1	61457	75368	31572	36054	60048	53544
HGLibB_54542	XRRA1	77484	66851	69124	69375	64409	60771
HGLibB_54544	XRRA1	84443	65376	85590	91376	97867	97107
HGLibA_54710	YPEL2	213374	162552	174835	181783	163754	132499
HGLibB_54642	YPEL2	152708	135825	52396	60257	87258	89999
HGLibB_54643	YPEL2	15240	11380	66936	64047	44367	46205
HGLibA_54843	ZBTB22	133186	112579	110284	89666	118126	101931
HGLibA_54844	ZBTB22	171954	142654	127051	128910	149114	141732
HGLibA_54845	ZBTB22	158847	123115	91209	91786	105803	100105
HGLibB_55619	ZNF26	82939	65567	62470	70819	53310	50971
HGLibB_55620	ZNF26	17988	13972	59405	60885	48344	43489
HGLibB_55621	ZNF26	33142	30588	41865	46904	61114	66932
HGLibA_56283	ZNF573	14836	12140	51584	55656	45596	44630
HGLibA_56284	ZNF573	45096	35384	62112	64780	121762	108927
HGLibB_56216	ZNF573	2625	2226	21708	24112	20145	22466
HGLibA_56325	ZNF586	138427	111874	128119	135436	132358	117954
HGLibA_56327	ZNF586	176978	139854	119597	115523	191088	184890
HGLibB_56260	ZNF586	35051	29272	38374	41069	29392	30296
HGLibA_56682	ZNF76	52170	47662	49135	57818	59666	63585
HGLibB_56615	ZNF76	140381	114414	135678	147129	125194	118427
HGLibB_56616	ZNF76	13560	11327	69961	67901	31831	25511
HGLibA_57370	hsa-mir-1244-3	22623	18204	150949	146883	41671	35898
HGLibA_57371	hsa-mir-1244-3	6197	5773	25796	26440	6512	7589
HGLibA_57372	hsa-mir-1244-3	79162	56953	105530	93384	30567	30946
HGLibA_58395	hsa-mir-296	144769	118693	65139	70780	59017	54874
HGLibA_58396	hsa-mir-296	43460	34929	86201	93952	78780	67267
HGLibA_58398	hsa-mir-296	94729	86107	98705	113330	84085	83059
HGLibA_59690	hsa-mir-421	73879	54012	112056	100505	45714	44737
HGLibA_59692	hsa-mir-421	15319	12881	175858	151897	61517	53868
HGLibA_59693	hsa-mir-421	50437	44838	46737	49075	27192	24760
HGLibA_60722	hsa-mir-4654	228830	158067	199590	169478	266019	212572
HGLibA_60723	hsa-mir-4654	72244	65117	88107	90789	87932	87008
HGLibA_60724	hsa-mir-4654	104179	97228	79443	94154	143102	147001
HGLibA_60878	hsa-mir-4692	105750	101881	87860	100209	140157	152868
HGLibA_60879	hsa-mir-4692	157214	129657	89858	98820	62939	63165
HGLibA_60880	hsa-mir-4692	51466	52079	29517	41689	42465	45956
HGLibA_61072	hsa-mir-4744	22047	16754	41489	46458	19954	22010
HGLibA_61073	hsa-mir-4744	62350	55621	31778	34164	20950	19449
HGLibA_61075	hsa-mir-4744	38857	32127	70322	65322	64103	73250
HGLibA_61823	hsa-mir-544a	93209	82175	46984	44985	22466	23420
HGLibA_61824	hsa-mir-544a	395	819	19620	25028	25876	28541
HGLibA_61826	hsa-mir-544a	6453	4584	124216	113954	37183	32573
HGLibA_62381	hsa-mir-573	89368	74421	84457	94057	150465	136734
HGLibA_62383	hsa-mir-573	14372	13131	64892	74025	51835	57158
HGLibA_62384	hsa-mir-573	56206	49106	82470	87792	80610	70674
HGLibA_62421	hsa-mir-581	109397	92573	77694	80252	122867	123354
HGLibA_62423	hsa-mir-581	55953	39409	31339	31923	22738	21565
HGLibA_62424	hsa-mir-581	149422	134013	130665	151502	179687	178883
HGLibA_62426	hsa-mir-582	7941	8873	26614	24699	7393	7421
HGLibA_62427	hsa-mir-582	33985	24599	145613	132573	57618	57601
HGLibA_62428	hsa-mir-582	42911	30128	75406	79717	50125	51799
HGLibA_62850	hsa-mir-6500	100787	92590	61542	59554	76268	68235
HGLibA_62852	hsa-mir-6500	76277	64012	90640	93885	77078	76852
HGLibA_62853	hsa-mir-6500	189060	147187	89529	100495	114211	104614
HGLibA_63344	hsa-mir-6792	21172	15729	60690	61189	47356	46563
HGLibA_63345	hsa-mir-6792	31568	28595	58341	61520	51130	58147
HGLibA_63347	hsa-mir-6792	48005	33131	47153	44076	47613	46352
HGLibA_63472	hsa-mir-6824	161525	131998	126502	125529	152546	146250
HGLibA_63474	hsa-mir-6824	254178	210670	101740	117173	95936	100389
HGLibA_63475	hsa-mir-6824	59351	46333	59691	56820	110618	112745
HGLibA_63731	hsa-mir-6887	28231	27933	26120	33024	21341	21822
HGLibA_63732	hsa-mir-6887	15331	11518	32847	28063	34391	32807
HGLibA_63733	hsa-mir-6887	41138	30889	27087	27659	36031	32708
HGLibA_64101	hsa-mir-8066	8596	6214	67314	75135	30503	30750
HGLibA_64102	hsa-mir-8066	53828	46919	59069	73314	69848	69633
HGLibA_64104	hsa-mir-8066	9591	8535	59695	64545	31513	27540
